0.00105957
0.00151374
0.00137444
-0.00285034
0.00361809
0.00362718
-0.00430506
0.00204775
-0.000590544
-0.00198588
-0.00451096
0.00154029
-0.0029645
0.00247218
-0.00710978
0.00481776
-0.00870007
0.0080733
0.00199004
-0.00419114
0.00648617
-0.00211061
-0.00830004
-0.00776369
0.000998884
-0.00435576
-0.00624758
-0.000945572
0.00120813
-0.0039592
-0.000664637
0.00421524
-0.00573923
0.00243948
-0.00279796
-0.0079333
-0.00186108
0.00777916
-0.00621383
0.0070441
-0.00344501
0.00176452
0.000629005
0.00637237
-0.00171782
0.00437664
-0.00192405
0.00434345
0.00054475
0.00236054
-0.00138295
0.0014838
0.000655224
0.00130766
0.000351565
-0.00513193
0.0012343
0.00805873
0.00215349
0.00406651
0.000856284
-0.000886206
0.00169205
-0.00225784
-0.00323478
0.000365306
-0.00723919
0.000467478
-0.00632145
0.00592296
0.00291089
0.00436028
-0.000766868
0.00536084
0.00995713
0.00607187
-0.00284113
0.00585079
-0.0045911
-0.00109174
0.000317956
-0.0104345
-0.00223789
0.00136565
-0.00258265
-0.00195277
0.00485922
-0.00134923
-5.41752e-05
-0.00748307
-0.0036532
0.00555077
0.0020419
0.0107793
-0.00181767
0.00357879
-0.00376167
-0.00381953
-3.92037e-05
0.0024934
-0.00248471
0.00397421
-0.000278997
-0.00350187
0.00196605
-0.00746514
0.00224437
-0.010607
-0.0018738
0.00159241
-0.00431249
-0.000585944
0.00546364
-0.000321731
-0.00121138
-0.00209163
0.00190378
0.000141659
0.0032881
0.000311307
0.00627007
-0.00194332
-0.00614494
0.00258762
-0.000187591
0.000518136
0.00160387
0.00615906
0.00115843
0.00015042
-0.00269774
0.00161937
-0.00949628
-0.00131247
-0.00166817
0.003759
0.00149908
0.00191561
0.00877512
-0.000587626
-0.00259597
-0.0032418
-0.0052916
0.00302329
-0.00372892
0.000766991
0.00093799
-0.00617607
0.00561228
-0.00913587
-0.0033635
0.00515338
0.00066848
-0.00120828
-0.00245387
-0.00813696
0.00747866
-0.00372739
-0.00468586
-0.00818539
0.00116814
-0.00120003
-0.00683057
-0.000756941
-0.00210881
-0.00282063
0.00337906
0.00286558
-0.0030046
-0.000250485
-0.00276206
0.00854354
-0.000119799
0.00802284
0.000171352
0.00342067
0.00529768
0.00262374
-0.00073269
0.00282629
-0.00392236
0.00109203
0.00324082
0.0025205
0.00630751
0.000650184
-0.00980614
0.000570506
-0.000656365
-0.00402465
-0.00320355
0.00470088
-0.00930577
-0.00240979
0.00353506
-0.00612883
0.00868023
-0.000425416
-0.00159072
-0.00218705
0.00513206
-0.00269712
-0.00289029
-0.000537658
0.0027085
-0.00270832
0.00297581
-0.00455088
-0.0020144
0.0022805
0.0119739
0.00428555
0.00243784
0.00865054
-0.00634295
-0.00459796
0.00103061
-0.00019726
0.000583566
0.00100732
-0.00144524
-0.00584145
-0.00141408
-0.00886546
-0.00146502
-0.00048491
-0.00489534
0.000510676
0.00176094
-0.00159996
-0.00189068
0.00345793
-0.00265472
0.00232804
0.00356945
-0.00425353
-0.00257313
-0.00514729
0.00304146
0.0021617
-0.00494897
0.00460044
0.000489851
-0.00232969
0.00574228
-0.000505873
0.0010284
0.0088084
0.00319797
0.000890265
-0.00704697
-0.0021622
0.000626429
-0.00161337
-0.00146555
0.00147396
0.00455955
0.00184133
0.00335236
0.00383162
-0.00191356
0.00443385
0.00522309
-5.71942e-05
0.00565574
0.00219949
0.00124769
0.0099113
0.0024812
-0.00449683
0.00499971
0.0024226
-0.00468781
0.00435424
0.0022651
-0.00126242
0.00739739
-0.00274315
0.0020414
-0.0050211
-0.014466
0.00513028
0.00675598
-0.00179243
0.00111774
0.00266212
0.000450672
0.000992929
-0.00856233
0.000117522
0.00593245
-0.000792403
-0.00380204
-0.00574082
0.00830896
-0.00333367
0.00265212
-0.00452946
0.00558648
0.000112895
-0.00370941
0.000875283
0.00286579
-0.00564354
-4.26509e-05
-1.92106e-05
-0.00467091
0.00214732
-0.00113924
-0.00131984
-0.00473335
-0.00158229
-0.00254453
-0.00920542
-0.00345778
-0.0028956
-0.00108767
0.00407521
-0.00309848
-0.00151065
0.00254323
-0.00170914
-0.00446966
-0.00879049
-0.00170138
-0.00182193
0.0008762
-0.00638885
0.000795756
0.00418198
0.00325407
-0.00747826
-0.00729804
0.00237904
-0.000136515
-0.00196075
0.00480065
-0.00392083
0.00277442
-0.000142625
-0.00105011
-0.0060956
0.00643944
-0.0018106
0.000814728
-0.00317707
-0.00773361
0.000666191
-0.00186312
-0.00472508
-0.00195961
0.00737384
-0.000388162
0.00802046
0.00294711
0.00240258
0.0037774
0.00173823
-0.00485263
0.00195408
0.00371193
0.00244424
0.00770994
0.00278661
0.0108187
0.00312408
-0.00597641
-0.00135634
0.00358065
-0.00762051
-0.00141569
-0.00269338
-0.00693318
-0.00454929
-0.00295107
0.00496768
-0.00302791
0.00150971
-0.0012322
-0.00374908
-0.00477466
-0.00430636
-0.000969414
0.00267429
0.0123903
0.0040199
-0.000606053
0.00658761
0.0016643
-0.00510848
0.00504689
0.00628253
-0.00223399
-0.00129814
-9.841e-05
-0.00161826
0.00143834
-0.000148696
-0.00218262
0.00347979
-0.00130727
0.00208314
-0.000250076
-0.00724476
-0.00618251
-0.00420903
-0.00276594
-0.00183446
-0.00295018
0.00334793
-0.00479785
-7.79268e-05
0.000799965
0.0038667
-8.3289e-06
0.00314677
-0.00103991
0.00079031
0.00949426
0.00234857
0.000420198
-0.00648904
0.00439446
-0.00758977
0.00617246
0.00133063
-0.00144435
-0.000849598
0.0029981
-0.00486374
-0.00710387
0.0086794
-0.00186168
-0.00870218
-0.000498589
0.00372533
0.00648234
-0.00179987
-0.000398756
-0.00339402
-0.00196303
-0.00137986
-0.00737679
-0.00536313
0.00387467
-0.00508778
0.00119716
0.00217972
-0.00781859
-0.00656581
0.00180374
0.00433342
0.00371097
-0.00406799
0.000859398
0.00840372
-0.00452252
0.00439453
0.00163909
-0.00276964
-0.00649505
-0.00184677
-0.00270755
-0.00400175
0.0025941
0.00351267
0.00288381
0.00482572
0.0020096
0.00586428
-0.000146197
0.00261987
-0.00574145
0.00139282
0.00551352
0.00135246
0.00576085
-0.00109532
0.00100607
-0.00427412
-0.00328606
-0.00184409
-0.0051803
-0.00134882
-0.00317607
0.00451021
0.00155835
0.00376072
-0.00646038
-0.00212857
-0.0051351
-0.00242183
-0.00956754
-0.00231347
-0.000346761
-0.00546961
0.00544192
-0.00686727
-0.00326423
-0.000615464
0.00408127
-0.00273229
0.00716868
-0.00309128
0.00541618
0.00314246
-0.00254931
-0.00295186
-0.0054541
0.00554836
0.00630136
-0.00112775
0.00560006
0.000274772
0.00683034
0.000919096
-0.000751533
-0.00143765
0.00292048
-0.00153935
-0.000534832
-0.00576788
-0.00254335
-0.00257048
-0.00299661
0.00394048
0.00152767
-0.00275838
-0.00246887
-0.00166818
0.00331008
-0.00498547
0.00539669
-0.00518065
-0.0111611
-0.00529827
0.00190492
0.00345782
-0.00136684
-0.00504359
0.00869485
-0.00427061
-0.00878934
0.0018619
-0.00575875
0.00354558
0.00794993
-0.00564546
-0.00298964
-0.0107094
0.00360876
0.00689691
-0.00512199
0.000155818
0.00948049
0.00106099
0.00510896
-0.00155391
0.00653667
0.00468308
-0.00104326
-0.00242182
0.00192736
-0.00260272
-0.0107352
-0.00351609
-0.00245293
-0.00841566
-0.00453635
-0.00441254
0.00323392
0.00340304
0.00480588
-0.000473883
0.00449225
0.01267
-0.00193735
0.00478957
0.00397155
1.07262e-05
0.000103611
-0.000232341
-3.73545e-05
-0.00311728
0.000756737
-0.00189169
-0.00070953
-0.00958006
-0.000607025
-0.00655277
0.00800663
-0.0007343
-0.00428112
0.000862439
0.00265532
0.00672216
0.00311982
0.00123978
-0.000448889
-0.00190858
-0.00755139
0.00652202
0.0126515
0.00617082
-0.00252939
0.00266042
0.00238924
-0.00139842
-0.000929111
-0.00134965
-0.00103106
0.00079617
0.00121062
-0.00345846
-0.00264932
0.00200276
-0.00104955
-0.00440836
-0.0060673
0.00239179
-0.00123176
0.00113536
0.00123784
-0.00160113
-0.00293508
-0.00257494
0.000249455
-0.00220307
-0.00340407
-0.00422731
-0.00112901
0.000179426
0.00213295
-0.00355715
0.00807501
-0.00311196
-0.0019395
0.00355803
-0.00299764
0.000884116
-0.00699105
-0.000135637
0.00093262
-0.00116506
-0.00138881
-0.00123035
-0.00470831
-0.00355767
-0.000466315
0.00069669
-0.00407586
0.00620193
-0.00648491
-0.000550549
0.0116776
-0.00150561
0.00414519
0.0115815
0.00250585
0.0013762
0.00353254
0.00720602
0.000579073
-0.00305881
-0.00175092
-0.00876411
-0.00337009
0.0034271
0.00432205
0.00171918
-0.000150163
0.00192796
-0.000291162
0.00490035
0.0056957
-0.00554594
-0.00272742
-0.0103594
-0.00423227
-0.00749665
0.00106566
-0.00478738
0.00247718
-0.00458312
0.00026579
-0.00402224
-0.00334549
0.00581349
5.98131e-05
0.00152538
0.00546949
-0.00504164
-0.00447444
-0.000154441
0.00111235
-0.00109436
-0.00423857
0.00122302
-0.000794759
0.00393594
0.000321477
-0.00167328
-0.00446908
0.00226298
-0.00149075
0.00795073
-0.00886064
-0.00571039
-0.0119884
-0.00322185
-0.00897879
0.00049794
-0.00227649
-0.00433604
0.00311039
0.000223229
-0.00890619
0.00190401
-0.000417171
0.00563741
0.00183971
0.000562745
0.00185403
0.00384679
0.000912023
-0.000323187
-0.000980257
-0.0010741
-0.00494212
-0.00531644
-0.00469935
-0.00175835
-0.003159
-0.00164839
0.00349156
-0.00714403
-0.00450377
-0.00415651
0.000638683
0.000784661
0.00393054
0.00400522
4.54544e-06
-3.94121e-05
-0.00189648
-0.00373736
0.00105025
0.00666871
0.0049284
0.00325378
-0.00664718
3.35935e-05
-0.00410601
-0.00503155
-0.0041415
0.00858403
-0.00268442
0.00199579
0.00258042
-0.000542333
0.00494174
0.00348431
0.00149538
0.000930589
0.00127359
0.00400302
-0.00364411
-0.0107945
0.00121938
0.00867407
-0.000918781
1.64253e-05
-0.000763377
0.00377363
0.0057879
0.00108415
0.0039333
0.000325887
0.000246784
-0.00310775
0.000331435
-0.00175393
-0.00590903
0.000968478
-0.00236591
0.000407954
7.70965e-05
-0.00314956
-0.000156945
-0.00459914
-0.00244327
-0.00573541
0.00196983
0.00173766
0.000952973
-0.00704615
-0.00737498
-0.00010972
0.00317424
-0.00176719
0.00358001
0.00201541
-0.00955282
-0.00393453
0.00826957
-0.000562998
0.00250786
0.00490719
0.00770161
0.00999758
0.00304508
0.000751454
-0.0106552
-0.0118568
-0.00234093
0.00412516
0.00448845
0.000411181
0.00295099
0.0105574
-0.00105681
-0.00168885
0.00323356
0.00143029
0.00308159
0.0033653
9.22382e-05
0.00222902
0.000765564
-0.00358297
7.28014e-05
-0.000643233
-0.0011152
-0.000915884
-0.00504041
0.00376446
0.00453545
-0.00176318
0.00138096
-0.0130816
0.000408679
0.00170373
0.00475116
-0.00011577
0.00393708
-0.00387075
-0.00139252
-0.00595566
-0.000490825
-0.000538311
0.000414826
-0.00221707
0.000570232
0.00108844
0.000856735
0.0028693
0.00109761
0.00219885
-0.00150327
-0.00914508
-0.00418144
-0.00519816
0.00204498
0.00121111
0.00683339
0.00166179
0.00194538
-0.0026638
-0.001945
0.000856461
-0.00363769
-0.00223861
0.00168741
0.0100982
0.00943507
0.0074998
0.000439746
0.00707958
0.00367585
-0.000549903
0.00569132
-0.00165558
0.000968745
0.00375796
0.00935562
-0.00404364
-0.00369554
-0.000967477
0.00266609
-0.00103571
-0.00244353
0.00177951
0.00294827
-0.00904187
0.00139566
0.00628076
0.00622174
-0.0056006
0.00242712
-0.00133359
-0.00385146
-0.000352978
0.00211968
0.0029196
0.00485591
-0.00450862
-0.00235681
-0.00474909
0.00278464
0.00531681
0.00193743
-0.00121484
0.00447438
0.00605081
-0.00820568
0.00748461
0.00499271
0.00173687
-0.00471991
9.13832e-05
0.00264225
-0.00504133
-0.00279757
0.00254024
0.00764891
-0.00154776
-0.00634179
0.00341458
0.00869172
-0.00267093
0.00383292
0.00096658
-0.00288197
0.00124711
0.00243359
-0.00451346
0.00129207
0.00244167
0.00270038
-0.000680187
8.51061e-05
0.00246641
-0.0043488
0.00544529
0.00170248
0.00203915
0.000677109
-0.00602198
0.00532077
0.000356827
-0.00679296
0.00375919
-0.00452532
0.00310516
0.00992148
-0.00890332
-0.0034477
0.00588098
0.00742856
0.00384851
0.00401807
0.00538847
-0.00248194
-0.00257164
0.00136113
-0.00603054
-0.00230519
0.00382042
0.000309628
0.00320582
-0.00221057
-0.00184566
-0.00344794
0.0126605
-0.00790351
-0.00554214
0.00475994
0.000792189
0.00347122
0.0121721
-0.00148666
-0.000606423
0.00686178
0.000811713
-0.0139478
-0.00413649
0.00343739
0.000587115
-0.00516545
-0.0048087
0.00541449
0.00437191
-0.00377908
0.00301769
0.00190265
-0.00756919
-0.00326162
0.00842458
0.000670404
0.00394479
